20
93
105
48
89
106
70
94
29
24
30
41
74
26
71
29
21
95
64
97
76
109
20
58
62
48
63
43
36
50
106
34
105
33
20
22
56
53
15
26
40
19
71
33
81
49
68
28
31
17
101
80
24
42
94
18
15
54
54
88
57
85
41
95
102
45
80
44
71
98
62
92
98
72
55
52
91
78
47
63
48
49
64
30
104
82
77
61
60
42
40
68
24
65
25
82
59
61
81
40
13
14
36
32
96
64
105
40
27
108
47
38
95
22
10
66
49
84
37
19
13
34
46
92
47
106
23
77
55
107
15
102
48
62
35
87
72
31
61
57
28
31
33
80
18
105
18
32
62
91
64
66
57
103
17
56
64
77
50
29
41
99
80
16
44
93
73
92
103
65
46
22
28
44
95
36
35
17
17
50
37
45
16
24
43
93
105
99
27
16
77
62
96
69
24
31
13
75
51
88
23
43
65
88
46
85
70
92
13
62
38
92
20
25
104
90
26
55
71
81
107
73
71
109
23
107
105
42
76
39
41
63
69
84
21
27
16
87
93
18
65
89
88
77
79
12
97
84
16
19
22
91
32
82
52
73
56
42
81
101
53
62
14
17
50
26
63
51
25
59
70
45
78
78
57
102
15
75
48
33
67
81
67
78
46
57
84
107
96
32
28
57
81
62
72
53
36
28
58
59
92
95
73
53
64
49
39
84
86
88
53
69
73
23
103
105
91
106
82
27
81
92
72
17
51
25
23
88
83
104
82
99
64
109
70
99
30
96
86
38
59
66
28
56
12
51
19
29
20
83
51
42
66
38
61
30
78
60
69
99
74
71
45
64
32
84
68
59
84
52
86
79
92
26
16
47
89
67
29
109
31
52
45
13
41
63
47
103
88
70
24
82
86
35
33
10
87
64
88
103
56
69
62
38
36
83
13
56
27
53
35
34
22
84
53
41
64
34
108
35
37
54
57
45
90
87
80
99
86
53
65
86
50
33
102
21
60
54
29
65
72
94
103
81
81
76
10
69
29
11
77
79
48
35
61
24
61
40
65
67
49
52
70
75
18
93
106
77
10
103
60
47
18
16
76
93
94
96
36
22
47
101
17
29
81
108
40
21
30
75
27
17
84
13
61
91
61
29
68
99
81
101
100
23
72
55
105
86
77
53
93
59
64
25
103
34
21
17
32
68
47
29
18
37
32
24
51
81
54
31
73
49
25
18
67
36
29
45
107
82
39
90
74
66
98
21
38
32
93
59
48
20
80
89
67
42
38
16
14
15
97
12
27
106
77
30
56
55
81
37
48
58
62
106
10
54
97
62
91
12
105
104
42
67
29
31
78
45
53
90
101
109
87
43
106
42
10
66
25
102
48
42
51
33
16
98
13
100
34
106
67
102
12
51
99
77
72
65
50
47
47
81
96
67
21
13
36
20
109
62
94
106
35
93
28
72
89
32
30
106
12
69
86
82
109
99
56
57
36
21
24
58
66
38
82
54
20
15
90
19
81
59
77
77
12
40
40
13
50
40
32
75
107
23
108
17
44
54
42
46
86
50
51
35
97
28
47
94
80
54
20
83
75
107
35
11
21
66
77
27
28
34
27
31
28
17
63
23
59
50
49
31
48
51
88
56
68
70
100
89
46
86
105
94
45
10
62
17
107
28
70
97
29
56
91
41
105
26
22
51
58
101
19
82
52
29
21
11
67
96
27
65
12
74
27
75
17
89
79
71
75
22
19
22
64
45
34
84
104
24
82
99
96
78
65
21
98
71
106
18
94
26
59
47
47
76
76
10
102
65
76
90
72
78
54
51
13
32
84
26
61
81
82
51
95
109
12
12
54
54
43
69
29
81
72
49
45
55
75
97
20
77
55
35
90
74
18
36
105
60
98
37
44
87
40
36
85
105
64
73
72
67
69
94
30
13
12
100
100
14
31
19
51
23
21
43
103
78
75
11
32
27
96
18
47
97
21
17
68
10
98
20
34
72
80
60
55
59
43
88
104
55
12
46
18
14
77
73
16
14
39
102
80
59
28
61
96
107
24
102
12
81
79
27
17
80
77
85
10
31
18
33
76
67
50
59
88
72
60
90
54
55
37
54
92
102
54
36
88
50
95
81
64
82
105
20
93
54
34
81
17
16
81
81
10
32
66
96
98
39
94
59
63
37
91
90
48
41
56
97
56
19
66
86
93
16
69
92
41
41
95
22
19
108
90
26
49
67
22
32
13
15
68
83
45
105
23
86
78
48
77
16
54
15
24
81
52
71
60